945
945
945
945
945
944
944
943
943
942
942
941
941
940
939
938
937
936
935
934
933
931
930
929
927
926
924
922
921
919
917
915
913
911
909
907
905
903
901
898
896
894
891
889
886
883
881
878
875
872
869
866
863
860
857
854
851
847
844
841
837
834
830
827
823
820
816
812
808
805
801
797
793
789
785
781
777
773
768
764
760
756
751
747
743
738
734
729
725
720
716
711
706
702
697
692
687
683
678
673
668
663
659
654
649
644
639
634
629
624
619
614
609
604
598
593
588
583
578
573
568
562
557
552
547
542
537
531
526
521
516
510
505
500
495
490
484
479
474
469
464
459
453
448
443
438
433
428
423
417
412
407
402
397
392
387
382
377
372
367
362
358
353
348
343
338
334
329
324
319
315
310
306
301
296
292
287
283
279
274
270
266
261
257
253
249
244
240
236
232
228
224
221
217
213
209
205
202
198
194
191
187
184
181
177
174
171
167
164
161
158
155
152
149
146
144
141
138
136
133
130
128
126
123
121
119
116
114
112
110
108
106
104
103
101
99
98
96
95
93
92
90
89
88
87
86
85
84
83
82
81
81
80
79
79
78
78
78
77
77
77
77
77
77
77
77
78
78
78
79
79
80
80
81
82
82
83
84
85
86
87
88
90
91
92
94
95
97
98
100
102
103
105
107
109
111
113
115
117
120
122
124
127
129
131
134
137
139
142
145
148
150
153
156
159
162
166
169
172
175
179
182
185
189
192
196
200
203
207
211
214
218
222
226
230
234
238
242
246
250
254
259
263
267
272
276
280
285
289
294
298
303
307
312
317
321
326
331
335
340
345
350
355
360
364
369
374
379
384
389
394
399
404
409
414
420
425
430
435
440
445
450
455
461
466
471
476
481
487
492
497
502
507
513
518
523
528
533
539
544
549
554
559
565
570
575
580
585
590
595
600
606
611
616
621
626
631
636
641
646
651
656
660
665
670
675
680
685
689
694
699
704
708
713
717
722
727
731
735
740
744
749
753
757
762
766
770
774
778
782
786
790
794
798
802
806
810
814
817
821
825
828
832
835
839
842
845
849
852
855
858
861
864
867
870
873
876
879
882
884
887
890
892
895
897
899
902
904
906
908
910
912
914
916
918
920
921
923
925
926
928
929
931
932
933
934
935
936
937
938
939
940
941
942
942
943
943
944
944
944
945
945
945
945
945
945
945
945
944
944
944
943
943
942
942
941
940
939
939
938
937
936
934
933
932
931
929
928
927
925
923
922
920
918
916
915
913
911
909
906
904
902
900
897
895
893
890
887
885
882
879
877
874
871
868
865
862
859
856
853
849
846
843
839
836
832
829
825
822
818
814
811
807
803
799
795
791
787
783
779
775
771
767
762
758
754
750
745
741
736
732
727
723
718
714
709
704
700
695
690
686
681
676
671
666
661
657
652
647
642
637
632
627
622
617
612
607
601
596
591
586
581
576
571
566
560
555
550
545
540
534
529
524
519
514
508
503
498
493
488
482
477
472
467
462
456
451
446
441
436
431
426
421
415
410
405
400
395
390
385
380
375
370
365
361
356
351
346
341
336
332
327
322
318
313
308
304
299
295
290
286
281
277
272
268
264
260
255
251
247
243
239
235
231
227
223
219
215
211
208
204
200
197
193
190
186
183
179
176
173
169
166
163
160
157
154
151
148
145
143
140
137
135
132
129
127
125
122
120
118
116
113
111
109
107
106
104
102
100
99
97
95
94
93
91
90
89
88
86
85
84
83
83
82
81
80
80
79
79
78
78
78
77
77
77
77
77
77
77
77
78
78
78
79
79
80
80
81
82
83
84
85
86
87
88
89
90
91
93
94
96
97
99
101
102
104
106
108
110
112
114
116
118
120
123
125
127
130
132
135
138
140
143
146
149
152
155
158
161
164
167
170
173
177
180
183
187
190
194
197
201
205
208
212
216
220
224
228
232
236
240
244
248
252
256
260
265
269
273
278
282
287
291
296
300
305
309
314
318
323
328
333
337
342
347
352
357
362
366
371
376
381
386
391
396
401
406
411
416
422
427
432
437
442
447
452
458
463
468
473
478
483
489
494
499
504
509
515
520
525
530
535
541
546
551
556
561
567
572
577
582
587
592
597
603
608
613
618
623
628
633
638
643
648
653
658
662
667
672
677
682
687
691
696
701
705
710
715
719
724
728
733
737
742
746
750
755
759
763
768
772
776
780
784
788
792
796
800
804
808
811
815
819
822
826
830
833
837
840
843
847
850
853
856
860
863
866
869
872
874
877
880
883
885
888
891
893
895
898
900
902
905
907
909
911
913
915
917
919
920
922
924
925
927
928
930
931
932
934
935
936
937
938
939
940
940
941
942
942
943
943
944
944
944
945
945
945
945
945
945
945
945
944
944
944
943
943
942
941
941
940
939
938
937
936
935
934
933
932
930
929
927
926
924
923
921
919
918
916
914
912
910
908
906
903
901
899
896
894
892
889
886
884
881
878
876
873
870
867
864
861
858
855
851
848
845
841
838
835
831
827
824
820
817
813
809
805
801
798
794
790
786
782
778
773
769
765
761
756
752
748
743
739
735
730
726
721
716
712
707
703
698
693
688
684
679
674
669
664
659
655
650
645
640
635
630
625
620
615
610
605
599
594
589
584
579
574
569
563
558
553
548
543
538
532
527
522
517
512
506
501
496
491
485
480
475
470
465
460
454
449
444
439
434
429
424
418
413
408
403
398
393
388
383
378
373
368
363
359
354
349
344
339
334
330
325
320
316
311
306
302
297
293
288
284
279
275
271
266
262
258
254
249
245
241
237
233
229
225
221
217
214
210
206
202
199
195
192
188
185
181
178
175
171
168
165
162
159
156
153
150
147
144
141
139
136
133
131
128
126
124
121
119
117
115
113
111
109
107
105
103
101
100
98
96
95
93
92
91
89
88
87
86
85
84
83
82
81
81
80
80
79
79
78
78
77
77
77
77
77
77
77
77
77
78
78
79
79
80
80
81
81
82
83
84
85
86
87
88
89
91
92
93
95
96
98
100
101
103
105
107
109
111
113
115
117
119
121
124
126
128
131
133
136
139
141
144
147
150
153
156
159
162
165
168
171
175
178
181
185
188
192
195
199
202
206
210
214
217
221
225
229
233
237
241
245
249
254
258
262
266
271
275
279
284
288
293
297
302
306
311
316
320
325
330
335
339
344
349
354
359
363
368
373
378
383
388
393
398
403
408
413
419
424
429
434
439
444
449
454
460
465
470
475
480
486
491
496
501
506
512
517
522
527
532
538
543
548
553
558
563
569
574
579
584
589
594
599
605
610
615
620
625
630
635
640
645
650
655
660
664
669
674
679
684
688
693
698
703
707
712
717
721
726
730
735
739
743
748
752
757
761
765
769
773
778
782
786
790
794
798
801
805
809
813
817
820
824
828
831
835
838
841
845
848
851
855
858
861
864
867
870
873
876
878
881
884
886
889
892
894
896
899
901
903
906
908
910
912
914
916
918
919
921
923
924
926
927
929
930
932
933
934
935
936
937
938
939
940
941
941
942
943
943
944
944
944
945
945
945
945
945
945
945
945
944
944
944
943
943
942
942
941
940
940
939
938
937
936
935
934
932
931
930
928
927
925
924
922
920
919
917
915
913
911
909
907
905
902
900
898
895
893
891
888
885
883
880
877
874
872
869
866
863
860
856
853
850
847
843
840
837
833
830
826
822
819
815
811
808
804
800
796
792
788
784
780
776
772
768
763
759
755
750
746
742
737
733
728
724
719
715
710
705
701
696
691
687
682
677
672
667
662
658
653
648
643
638
633
628
623
618
613
608
602
597
592
587
582
577
572
567
561
556
551
546
541
535
530
525
520
515
509
504
499
494
489
483
478
473
468
463
457
452
447
442
437
432
427
422
416
411
406
401
396
391
386
381
376
371
366
362
357
352
347
342
337
333
328
323
318
314
309
305
300
295
291
286
282
278
273
269
265
260
256
252
248
244
240
236
232
228
224
220
216
212
208
205
201
197
194
190
187
183
180
177
173
170
167
164
161
158
155
152
149
146
143
140
138
135
132
130
127
125
123
120
118
116
114
112
110
108
106
104
102
101
99
97
96
94
93
91
90
89
88
87
86
85
84
83
82
81
80
80
79
79
78
78
78
77
77
77
77
77
77
77
77
78
78
78
79
79
80
80
81
82
83
83
84
85
86
88
89
90
91
93
94
95
97
99
100
102
104
106
107
109
111
113
116
118
120
122
125
127
129
132
135
137
140
143
145
148
151
154
157
160
163
166
169
173
176
179
183
186
190
193
197
200
204
208
211
215
219
223
227
231
235
239
243
247
251
255
260
264
268
272
277
281
286
290
295
299
304
308
313
318
322
327
332
336
341
346
351
356
361
365
370
375
380
385
390
395
400
405
410
415
421
426
431
436
441
446
451
456
462
467
472
477
482
488
493
498
503
508
514
519
524
529
534
540
545
550
555
560
566
571
576
581
586
591
596
601
607
612
617
622
627
632
637
642
647
652
657
661
666
671
676
681
686
690
695
700
704
709
714
718
723
727
732
736
741
745
750
754
758
762
767
771
775
779
783
787
791
795
799
803
807
811
814
818
822
825
829
832
836
839
843
846
849
853
856
859
862
865
868
871
874
877
879
882
885
887
890
893
895
897
900
902
904
906
909
911
913
915
916
918
920
922
923
925
927
928
929
931
932
933
934
936
937
938
939
939
940
941
942
942
943
943
944
944
944
945
945
945
945
945
945
945
945
944
944
944
943
943
942
942
941
940
939
938
937
936
935
934
933
932
931
929
928
926
925
923
921
920
918
916
914
912
910
908
906
904
902
899
897
895
892
890
887
884
882
879
876
873
870
867
864
861
858
855
852
849
845
842
839
835
832
828
825
821
817
814
810
806
802
798
794
790
786
782
778
774
770
766
762
757
753
749
744
740
735
731
726
722
717
713
708
704
699
694
689
685
680
675
670
665
660
656
651
646
641
636
631
626
621
616
611
606
600
595
590
585
580
575
570
564
559
554
549
544
539
533
528
523
518
513
507
502
497
492
487
481
476
471
466
461
455
450
445
440
435
430
425
419
414
409
404
399
394
389
384
379
374
369
364
360
355
350
345
340
335
331
326
321
317
312
307
303
298
294
289
285
280
276
272
267
263
259
254
250
246
242
238
234
230
226
222
218
214
211
207
203
200
196
192
189
185
182
179
175
172
169
166
162
159
156
153
150
148
145
142
139
137
134
131
129
126
124
122
119
117
115
113
111
109
107
105
103
102
100
98
97
95
94
92
91
90
88
87
86
85
84
83
82
82
81
80
80
79
79
78
78
78
77
77
77
77
77
77
77
77
78
78
78
79
79
80
81
81
82
83
84
85
86
87
88
89
90
92
93
95
96
98
99
101
103
104
106
108
110
112
114
116
119
121
123
126
128
130
133
136
138
141
144
146
149
152
155
158
161
164
168
171
174
177
181
184
187
191
195
198
202
205
209
213
217
221
224
228
232
236
240
245
249
253
257
261
266
270
274
279
283
287
292
296
301
306
310
315
319
324
329
334
338
343
348
353
358
363
367
372
377
382
387
392
397
402
407
412
417
423
428
433
438
443
448
453
459
464
469
474
479
484
490
495
500
505
511
516
521
526
531
537
542
547
552
557
562
568
573
578
583
588
593
598
604
609
614
619
624
629
634
639
644
649
654
659
663
668
673
678
683
688
692
697
702
706
711
716
720
725
729
734
738
743
747
751
756
760
764
768
773
777
781
785
789
793
797
801
805
808
812
816
820
823
827
830
834
837
841
844
847
851
854
857
860
863
866
869
872
875
878
881
883
886
889
891
894
896
898
901
903
905
907
909
911
913
915
917
919
921
922
924
926
927
929
930
931
933
934
935
936
937
938
939
940
941
941
942
942
943
943
944
944
945
945
945
945
945
945
945
945
945
944
944
943
943
942
942
941
941
940
939
938
937
936
935
934
933
931
930
929
927
926
924
922
921
919
917
915
913
911
909
907
905
903
901
898
896
894
891
888
886
883
881
878
875
872
869
866
863
860
857
854
851
847
844
841
837
834
830
827
823
820
816
812
808
805
801
797
793
789
785
781
777
773
768
764
760
756
751
747
743
738
734
729
725
720
716
711
706
702
697
692
687
683
678
673
668
663
658
654
649
644
639
634
629
624
619
614
609
603
598
593
588
583
578
573
568
562
557
552
547
542
536
531
526
521
516
510
505
500
495
490
484
479
474
469
464
458
453
448
443
438
433
428
423
417
412
407
402
397
392
387
382
377
372
367
362
358
353
348
343
338
334
329
324
319
315
310
305
301
296
292
287
283
279
274
270
265
261
257
253
249
244
240
236
232
228
224
221
217
213
209
205
202
198
194
191
187
184
181
177
174
171
167
164
161
158
155
152
149
146
144
141
138
136
133
130
128
126
123
121
119
116
114
112
110
108
106
104
103
101
99
98
96
95
93
92
90
89
88
87
86
85
84
83
82
81
81
80
79
79
78
78
78
77
77
77
77
77
77
77
77
78
78
78
79
79
80
80
81
82
82
83
84
85
86
87
88
90
91
92
94
95
97
98
100
102
103
105
107
109
111
113
115
117
120
122
124
127
129
131
134
137
139
142
145
148
150
153
156
159
162
166
169
172
175
179
182
185
189
192
196
200
203
207
211
214
218
222
226
230
234
238
242
246
250
254
259
263
267
272
276
280
285
289
294
298
303
307
312
317
321
326
331
335
340
345
350
355
360
364
369
374
379
384
389
394
399
404
409
414
420
425
430
435
440
445
450
455
461
466
471
476
481
487
492
497
502
507
513
518
523
528
533
539
544
549
554
559
565
570
575
580
585
590
595
600
606
611
616
621
626
631
636
641
646
651
656
661
665
670
675
680
685
689
694
699
704
708
713
717
722
727
731
736
740
744
749
753
757
762
766
770
774
778
782
786
790
794
798
802
806
810
814
817
821
825
828
832
835
839
842
845
849
852
855
858
861
864
867
870
873
876
879
882
884
887
890
892
895
897
899
902
904
906
908
910
912
914
916
918
920
921
923
925
926
928
929
931
932
933
934
935
936
937
938
939
940
941
942
942
943
943
944
944
944
945
945
945
945
945
945
945
945
944
944
944
943
943
942
942
941
940
939
939
938
937
936
934
933
932
931
929
928
927
925
923
922
920
918
916
915
913
911
909
906
904
902
900
897
895
893
890
887
885
882
879
877
874
871
868
865
862
859
856
853
849
846
843
839
836
832
829
825
822
818
814
811
807
803
799
795
791
787
783
779
775
771
767
762
758
754
750
745
741
736
732
727
723
718
714
709
704
700
695
690
686
681
676
671
666
661
657
652
647
642
637
632
627
622
617
612
607
601
596
591
586
581
576
571
566
560
555
550
545
540
534
529
524
519
514
508
503
498
493
488
482
477
472
467
462
456
451
446
441
436
431
426
420
415
410
405
400
395
390
385
380
375
370
365
361
356
351
346
341
336
332
327
322
318
313
308
304
299
295
290
286
281
277
272
268
264
259
255
251
247
243
239
235
231
227
223
219
215
211
208
204
200
197
193
190
186
183
179
176
173
169
166
163
160
157
154
151
148
145
143
140
137
134
132
129
127
125
122
120
118
116
113
111
109
107
106
104
102
100
99
97
95
94
93
91
90
89
88
86
85
84
83
83
82
81
80
80
79
79
78
78
78
77
77
77
77
77
77
77
77
78
78
78
79
79
80
80
81
82
83
84
85
86
87
88
89
90
91
93
94
96
97
99
101
102
104
106
108
110
112
114
116
118
120
123
125
127
130
132
135
138
140
143
146
149
152
155
158
161
164
167
170
173
177
180
183
187
190
194
197
201
205
208
212
216
220
224
228
232
236
240
244
248
252
256
260
265
269
273
278
282
287
291
296
300
305
309
314
319
323
328
333
337
342
347
352
357
362
366
371
376
381
386
391
396
401
406
411
416
422
427
432
437
442
447
452
458
463
468
473
478
483
489
494
499
504
509
515
520
525
530
536
541
546
551
556
561
567
572
577
582
587
592
597
603
608
613
618
623
628
633
638
643
648
653
658
662
667
672
677
682
687
691
696
701
705
710
715
719
724
728
733
737
742
746
750
755
759
763
768
772
776
780
784
788
792
796
800
804
808
811
815
819
822
826
830
833
837
840
843
847
850
853
856
860
863
866
869
872
874
877
880
883
885
888
891
893
896
898
900
903
905
907
909
911
913
915
917
919
920
922
924
925
927
928
930
931
932
934
935
936
937
938
939
940
940
941
942
942
943
943
944
944
944
945
945
945
945
945
945
945
945
944
944
944
943
943
942
941
941
940
939
938
937
936
935
934
933
932
930
929
927
926
924
923
921
919
918
916
914
912
910
908
906
903
901
899
896
894
892
889
886
884
881
878
876
873
870
867
864
861
858
854
851
848
845
841
838
835
831
827
824
820
817
813
809
805
801
798
794
790
786
782
777
773
769
765
761
756
752
748
743
739
735
730
726
721
716
712
707
703
698
693
688
684
679
674
669
664
659
655
650
645
640
635
630
625
620
615
610
604
599
594
589
584
579
574
569
563
558
553
548
543
537
532
527
522
517
511
506
501
496
491
485
480
475
470
465
460
454
449
444
439
434
429
424
418
413
408
403
398
393
388
383
378
373
368
363
359
354
349
344
339
334
330
325
320
316
311
306
302
297
293
288
284
279
275
271
266
262
258
254
249
245
241
237
233
229
225
221
217
214
210
206
202
199
195
192
188
185
181
178
175
171
168
165
162
159
156
153
150
147
144
141
139
136
133
131
128
126
124
121
119
117
115
113
111
109
107
105
103
101
100
98
96
95
93
92
91
89
88
87
86
85
84
83
82
81
81
80
80
79
79
78
78
77
77
77
77
77
77
77
77
77
78
78
79
79
80
80
81
81
82
83
84
85
86
87
88
89
91
92
93
95
96
98
100
101
103
105
107
109
111
113
115
117
119
121
124
126
128
131
134
136
139
141
144
147
150
153
156
159
162
165
168
171
175
178
181
185
188
192
195
199
202
206
210
214
217
221
225
229
233
237
241
245
249
254
258
262
266
271
275
279
284
288
293
297
302
306
311
316
320
325
330
335
339
344
349
354
359
364
368
373
378
383
388
393
398
403
408
413
419
424
429
434
439
444
449
454
460
465
470
475
480
486
491
496
501
506
512
517
522
527
532
538
543
548
553
558
564
569
574
579
584
589
594
599
605
610
615
620
625
630
635
640
645
650
655
660
664
669
674
679
684
688
693
698
703
707
712
717
721
726
730
735
739
743
748
752
757
761
765
769
773
778
782
786
790
794
798
802
805
809
813
817
820
824
828
831
835
838
841
845
848
851
855
858
861
864
867
870
873
876
878
881
884
886
889
892
894
896
899
901
903
906
908
910
912
914
916
918
919
921
923
924
926
927
929
930
932
933
934
935
936
937
938
939
940
941
941
942
943
943
944
944
944
945
945
945
945
945
945
945
945
944
944
944
943
943
942
942
941
940
940
939
938
937
936
935
934
932
931
930
928
927
925
924
922
920
919
917
915
913
911
909
907
905
902
900
898
895
893
891
888
885
883
880
877
874
872
869
866
863
860
856
853
850
847
843
840
837
833
830
826
822
819
815
811
808
804
800
796
792
788
784
780
776
772
768
763
759
755
750
746
742
737
733
728
724
719
715
710
705
701
696
691
687
682
677
672
667
662
657
653
648
643
638
633
628
623
618
613
608
602
597
592
587
582
577
572
567
561
556
551
546
541
535
530
525
520
515
509
504
499
494
489
483
478
473
468
463
457
452
447
442
437
432
427
421
416
411
406
401
396
391
386
381
376
371
366
361
357
352
347
342
337
333
328
323
318
314
309
305
300
295
291
286
282
278
273
269
265
260
256
252
248
244
240
235
231
228
224
220
216
212
208
205
201
197
194
190
187
183
180
177
173
170
167
164
161
158
155
152
149
146
143
140
138
135
132
130
127
125
123
120
118
116
114
112
110
108
106
104
102
101
99
97
96
94
93
91
90
89
88
87
86
85
84
83
82
81
80
80
79
79
78
78
78
77
77
77
77
77
77
77
77
78
78
78
79
79
80
80
81
82
83
83
84
85
86
88
89
90
91
93
94
95
97
99
100
102
104
106
107
109
111
113
116
118
120
122
125
127
129
132
135
137
140
143
145
148
151
154
157
160
163
166
169
173
176
179
183
186
190
193
197
200
204
208
211
215
219
223
227
231
235
239
243
247
251
255
260
264
268
272
277
281
286
290
295
299
304
308
313
318
322
327
332
336
341
346
351
356
361
365
370
375
380
385
390
395
400
405
410
415
421
426
431
436
441
446
451
457
462
467
472
477
482
488
493
498
503
508
514
519
524
529
534
540
545
550
555
560
566
571
576
581
586
591
596
602
607
612
617
622
627
632
637
642
647
652
657
662
666
671
676
681
686
690
695
700
705
709
714
718
723
727
732
736
741
745
750
754
758
763
767
771
775
779
783
787
791
795
799
803
807
811
814
818
822
825
829
832
836
839
843
846
849
853
856
859
862
865
868
871
874
877
879
882
885
888
890
893
895
897
900
902
904
906
909
911
913
915
916
918
920
922
923
925
927
928
929
931
932
933
934
936
937
938
939
939
940
941
942
942
943
943
944
944
944
945
945
945
945
945
945
945
945
944
944
944
943
943
942
942
941
940
939
938
937
936
935
934
933
932
931
929
928
926
925
923
921
920
918
916
914
912
910
908
906
904
902
899
897
894
892
890
887
884
882
879
876
873
870
867
864
861
858
855
852
849
845
842
839
835
832
828
825
821
817
814
810
806
802
798
794
790
786
782
778
774
770
766
762
757
753
749
744
740
735
731
726
722
717
713
708
703
699
694
689
685
680
675
670
665
660
656
651
646
641
636
631
626
621
616
611
605
600
595
590
585
580
575
570
564
559
554
549
544
539
533
528
523
518
513
507
502
497
492
486
481
476
471
466
461
455
450
445
440
435
430
425
419
414
409
404
399
394
389
384
379
374
369
364
360
355
350
345
340
335
331
326
321
317
312
307
303
298
294
289
285
280
276
272
267
263
259
254
250
246
242
238
234
230
226
222
218
214
211
207
203
199
196
192
189
185
182
179
175
172
169
166
162
159
156
153
150
148
145
142
139
137
134
131
129
126
124
122
119
117
115
113
111
109
107
105
103
102
100
98
97
95
94
92
91
90
88
87
86
85
84
83
82
82
81
80
80
79
79
78
78
78
77
77
77
77
77
77
77
77
78
78
78
79
79
80
81
81
82
83
84
85
86
87
88
89
90
92
93
95
96
98
99
101
103
104
106
108
110
112
114
116
119
121
123
126
128
130
133
136
138
141
144
146
149
152
155
158
161
164
168
171
174
177
181
184
188
191
195
198
202
205
209
213
217
221
224
228
232
236
240
245
249
253
257
261
266
270
274
279
283
287
292
296
301
306
310
315
319
324
329
334
338
343
348
353
358
363
367
372
377
382
387
392
397
402
407
412
418
423
428
433
438
443
448
453
459
464
469
474
479
485
490
495
500
505
511
516
521
526
531
537
542
547
552
557
563
568
573
578
583
588
593
598
604
609
614
619
624
629
634
639
644
649
654
659
663
668
673
678
683
688
692
697
702
706
711
716
720
725
729
734
738
743
747
751
756
760
764
768
773
777
781
785
789
793
797
801
805
808
812
816
820
823
827
830
834
837
841
844
847
851
854
857
860
863
866
869
872
875
878
881
883
886
889
891
894
896
898
901
903
905
907
909
911
913
915
917
919
921
922
924
926
927
929
930
931
933
934
935
936
937
938
939
940
941
941
942
943
943
943
944
944
945
945
945
945
945
945
945
945
945
944
944
943
943
942
942
941
941
940
939
938
937
936
935
934
933
931
930
929
927
926
924
922
921
919
917
915
913
911
909
907
905
903
901
898
896
894
891
888
886
883
881
878
875
872
869
866
863
860
857
854
851
847
844
841
837
834
830
827
823
820
816
812
808
805
801
797
793
789
785
781
777
773
768
764
760
756
751
747
743
738
734
729
725
720
716
711
706
702
697
692
687
683
678
673
668
663
658
654
649
644
639
634
629
624
619
614
609
603
598
593
588
583
578
573
568
562
557
552
547
542
536
531
526
521
516
510
505
500
495
490
484
479
474
469
464
458
453
448
443
438
433
428
422
417
412
407
402
397
392
387
382
377
372
367
362
358
353
348
343
338
333
329
324
319
315
310
305
301
296
292
287
283
278
274
270
265
261
257
253
249
244
240
236
232
228
224
220
217
213
209
205
202
198
194
191
187
184
181
177
174
171
167
164
161
158
155
152
149
146
144
141
138
136
133
130
128
126
123
121
119
116
114
112
110
108
106
104
103
101
99
98
96
95
93
92
90
89
88
87
86
85
84
83
82
81
81
80
79
79
78
78
78
77
77
77
77
77
77
77
77
78
78
78
79
79
80
80
81
82
82
83
84
85
86
87
88
90
91
92
94
95
97
98
100
102
103
105
107
109
111
113
115
117
120
122
124
127
129
131
134
137
139
142
145
148
150
153
156
159
162
166
169
172
175
179
182
185
189
192
196
200
203
207
211
214
218
222
226
230
234
238
242
246
250
255
259
263
267
272
276
280
285
289
294
298
303
307
312
317
321
326
331
336
340
345
350
355
360
365
369
374
379
384
389
394
399
404
409
414
420
425
430
435
440
445
450
455
461
466
471
476
481
487
492
497
502
507
513
518
523
528
533
539
544
549
554
559
565
570
575
580
585
590
595
601
606
611
616
621
626
631
636
641
646
651
656
661
665
670
675
680
685
689
694
699
704
708
713
717
722
727
731
736
740
744
749
753
757
762
766
770
774
778
782
787
791
794
798
802
806
810
814
817
821
825
828
832
835
839
842
845
849
852
855
858
861
864
867
870
873
876
879
882
884
887
890
892
895
897
899
902
904
906
908
910
912
914
916
918
920
921
923
925
926
928
929
931
932
933
934
935
936
937
938
939
940
941
942
942
943
943
944
944
944
945
945
945
945
945
945
945
945
944
944
944
943
943
942
942
941
940
939
939
938
937
936
934
933
932
931
929
928
927
925
923
922
920
918
916
915
913
911
909
906
904
902
900
897
895
893
890
887
885
882
879
877
874
871
868
865
862
859
856
853
849
846
843
839
836
832
829
825
822
818
814
811
807
803
799
795
791
787
783
779
775
771
767
762
758
754
750
745
741
736
732
727
723
718
714
709
704
700
695
690
686
681
676
671
666
661
656
652
647
642
637
632
627
622
617
612
606
601
596
591
586
581
576
571
565
560
555
550
545
540
534
529
524
519
514
508
503
498
493
488
482
477
472
467
462
456
451
446
441
436
431
426
420
415
410
405
400
395
390
385
380
375
370
365
360
356
351
346
341
336
332
327
322
317
313
308
304
299
295
290
286
281
277
272
268
264
259
255
251
247
243
239
235
231
227
223
219
215
211
208
204
200
197
193
190
186
183
179
176
173
169
166
163
160
157
154
151
148
145
142
140
137
134
132
129
127
125
122
120
118
116
113
111
109
107
106
104
102
100
99
97
95
94
93
91
90
89
87
86
85
84
83
83
82
81
80
80
79
79
78
78
78
77
77
77
77
77
77
77
77
78
78
78
79
79
80
80
81
82
83
84
85
86
87
88
89
90
91
93
94
96
97
99
101
102
104
106
108
110
112
114
116
118
120
123
125
128
130
132
135
138
140
143
146
149
152
155
158
161
164
167
170
173
177
180
183
187
190
194
197
201
205
208
212
216
220
224
228
232
236
240
244
248
252
256
260
265
269
273
278
282
287
291
296
300
305
309
314
319
323
328
333
337
342
347
352
357
362
366
371
376
381
386
391
396
401
406
411
417
422
427
432
437
442
447
452
458
463
468
473
478
483
489
494
499
504
510
515
520
525
530
536
541
546
551
556
561
567
572
577
582
587
592
597
603
608
613
618
623
628
633
638
643
648
653
658
663
667
672
677
682
687
691
696
701
705
710
715
719
724
728
733
737
742
746
751
755
759
763
768
772
776
780
784
788
792
796
800
804
808
811
815
819
823
826
830
833
837
840
843
847
850
853
856
860
863
866
869
872
874
877
880
883
885
888
891
893
896
898
900
903
905
907
909
911
913
915
917
919
920
922
924
925
927
928
930
931
932
934
935
936
937
938
939
940
940
941
942
942
943
943
944
944
944
945
945
945
945
945
945
945
945
944
944
944
943
943
942
941
941
940
939
938
937
936
935
934
933
932
930
929
927
926
924
923
921
919
918
916
914
912
910
908
906
903
901
899
896
894
892
889
886
884
881
878
876
873
870
867
864
861
858
854
851
848
845
841
838
834
831
827
824
820
817
813
809
805
801
798
794
790
786
782
777
773
769
765
761
756
752
748
743
739
735
730
726
721
716
712
707
703
698
693
688
684
679
674
669
664
659
655
650
645
640
635
630
625
620
615
610
604
599
594
589
584
579
574
569
563
558
553
548
543
537
532
527
522
517
511
506
501
496
491
485
480
475
470
465
459
454
449
444
439
434
429
424
418
413
408
403
398
393
388
383
378
373
368
363
359
354
349
344
339
334
330
325
320
316
311
306
302
297
293
288
284
279
275
271
266
262
258
254
249
245
241
237
233
229
225
221
217
214
210
206
202
199
195
192
188
185
181
178
175
171
168
165
162
159
156
153
150
147
144
141
139
136
133
131
128
126
124
121
119
117
115
113
111
109
107
105
103
101
100
98
96
95
93
92
91
89
88
87
86
85
84
83
82
81
81
80
79
79
79
78
78
77
77
77
77
77
77
77
77
77
78
78
79
79
80
80
81
81
82
83
84
85
86
87
88
89
91
92
93
95
96
98
100
101
103
105
107
109
111
113
115
117
119
121
124
126
128
131
134
136
139
141
144
147
150
153
156
159
162
165
168
171
175
178
181
185
188
192
195
199
203
206
210
214
218
221
225
229
233
237
241
245
250
254
258
262
266
271
275
279
284
288
293
297
302
307
311
316
320
325
330
335
339
344
349
354
359
364
368
373
378
383
388
393
398
403
408
413
419
424
429
434
439
444
449
454
460
465
470
475
480
486
491
496
501
506
512
517
522
527
532
538
543
548
553
558
564
569
574
579
584
589
594
600
605
610
615
620
625
630
635
640
645
650
655
660
664
669
674
679
684
689
693
698
703
707
712
717
721
726
730
735
739
744
748
752
757
761
765
769
773
778
782
786
790
794
798
802
805
809
813
817
820
824
828
831
835
838
841
845
848
851
855
858
861
864
867
870
873
876
878
881
884
886
889
892
894
896
899
901
903
906
908
910
912
914
916
918
919
921
923
924
926
927
929
930
932
933
934
935
936
937
938
939
940
941
941
942
943
943
944
944
944
945
945
945
945
945
945
945
945
944
944
944
943
943
942
942
941
940
940
939
938
937
936
935
934
932
931
930
928
927
925
924
922
920
919
917
915
913
911
909
907
905
902
900
898
895
893
891
888
885
883
880
877
874
872
869
866
863
859
856
853
850
847
843
840
837
833
830
826
822
819
815
811
808
804
800
796
792
788
784
780
776
772
767
763
759
755
750
746
742
737
733
728
724
719
715
710
705
701
696
691
686
682
677
672
667
662
657
653
648
643
638
633
628
623
618
613
607
602
597
592
587
582
577
572
566
561
556
551
546
541
535
530
525
520
515
509
504
499
494
489
483
478
473
468
463
457
452
447
442
437
432
427
421
416
411
406
401
396
391
386
381
376
371
366
361
357
352
347
342
337
333
328
323
318
314
309
305
300
295
291
286
282
278
273
269
265
260
256
252
248
244
240
235
231
227
224
220
216
212
208
205
201
197
194
190
187
183
180
177
173
170
167
164
161
158
155
152
149
146
143
140
138
135
132
130
127
125
123
120
118
116
114
112
110
108
106
104
102
101
99
97
96
94
93
91
90
89
88
87
86
85
84
83
82
81
80
80
79
79
78
78
78
77
77
77
77
77
77
77
77
78
78
78
79
79
80
80
81
82
83
83
84
85
86
88
89
90
91
93
94
95
97
99
100
102
104
106
107
109
111
113
116
118
120
122
125
127
129
132
135
137
140
143
145
148
151
154
157
160
163
166
169
173
176
179
183
186
190
193
197
200
204
208
211
215
219
223
227
231
235
239
243
247
251
255
260
264
268
272
277
281
286
290
295
299
304
308
313
318
322
327
332
336
341
346
351
356
361
366
370
375
380
385
390
395
400
405
410
416
421
426
431
436
441
446
451
457
462
467
472
477
482
488
493
498
503
508
514
519
524
529
535
540
545
550
555
560
566
571
576
581
586
591
596
602
607
612
617
622
627
632
637
642
647
652
657
662
666
671
676
681
686
690
695
700
705
709
714
718
723
727
732
736
741
745
750
754
758
763
767
771
775
779
783
787
791
795
799
803
807
811
814
818
822
825
829
833
836
839
843
846
849
853
856
859
862
865
868
871
874
877
880
882
885
888
890
893
895
897
900
902
904
906
909
911
913
915
916
918
920
922
923
925
927
928
929
931
932
933
935
936
937
938
939
939
940
941
942
942
943
943
944
944
944
945
945
945
945
945
945
945
945
944
944
944
943
943
942
942
941
940
939
938
937
936
935
934
933
932
931
929
928
926
925
923
921
920
918
916
914
912
910
908
906
904
902
899
897
894
892
889
887
884
882
879
876
873
870
867
864
861
858
855
852
849
845
842
839
835
832
828
825
821
817
814
810
806
802
798
794
790
786
782
778
774
770
766
762
757
753
749
744
740
735
731
726
722
717
713
708
703
699
694
689
685
680
675
670
665
660
655
651
646
641
636
631
626
621
616
611
605
600
595
590
585
580
575
570
564
559
554
549
544
538
533
528
523
518
512
507
502
497
492
486
481
476
471
466
461
455
450
445
440
435
430
425
419
414
409
404
399
394
389
384
379
374
369
364
359
355
350
345
340
335
331
326
321
317
312
307
303
298
294
289
285
280
276
271
267
263
259
254
250
246
242
238
234
230
226
222
218
214
211
207
203
199
196
192
189
185
182
179
175
172
169
166
162
159
156
153
150
148
145
142
139
137
134
131
129
126
124
122
119
117
115
113
111
109
107
105
103
102
100
98
97
95
94
92
91
90
88
87
86
85
84
83
82
82
81
80
80
79
79
78
78
78
77
77
77
77
77
77
77
77
78
78
78
79
79
80
81
81
82
83
84
85
86
87
88
89
90
92
93
95
96
98
99
101
103
104
106
108
110
112
114
116
119
121
123
126
128
130
133
136
138
141
144
146
149
152
155
158
161
164
168
171
174
177
181
184
188
191
195
198
202
205
209
213
217
221
224
228
232
236
240
245
249
253
257
261
266
270
274
279
283
287
292
296
301
306
310
315
319
324
329
334
338
343
348
353
358
363
367
372
377
382
387
392
397
402
407
412
418
423
428
433
438
443
448
453
459
464
469
474
479
485
490
495
500
505
511
516
521
526
531
537
542
547
552
557
563
568
573
578
583
588
593
599
604
609
614
619
624
629
634
639
644
649
654
659
663
668
673
678
683
688
692
697
702
706
711
716
720
725
729
734
738
743
747
751
756
760
764
768
773
777
781
785
789
793
797
801
805
808
812
816
820
823
827
830
834
837
841
844
847
851
854
857
860
863
866
869
872
875
878
881
883
886
889
891
894
896
898
901
903
905
907
909
911
913
915
917
919
921
922
924
926
927
929
930
931
933
934
935
936
937
938
939
940
941
941
942
943
943
943
944
944
945
945
945
945
945
945
945
945
945
944
944
943
943
942
942
941
941
940
939
938
937
936
935
934
933
931
930
929
927
926
924
922
921
919
917
915
913
911
909
907
905
903
901
898
896
893
891
888
886
883
881
878
875
872
869
866
863
860
857
854
851
847
844
841
837
834
830
827
823
819
816
812
808
804
801
797
793
789
785
781
777
772
768
764
760
756
751
747
742
738
734
729
725
720
715
711
706
702
697
692
687
683
678
673
668
663
658
654
649
644
639
634
629
624
619
614
608
603
598
593
588
583
578
573
568
562
557
552
547
542
536
531
526
521
516
510
505
500
495
490
484
479
474
469
464
458
453
448
443
438
433
428
422
417
412
407
402
397
392
387
382
377
372
367
362
358
353
348
343
338
333
329
324
319
315
310
305
301
296
292
287
283
278
274
270
265
261
257
253
249
244
240
236
232
228
224
220
217
213
209
205
202
198
194
191
187
184
181
177
174
171
167
164
161
158
155
152
149
146
144
141
138
136
133
130
128
125
123
121
119
116
114
112
110
108
106
104
103
101
99
98
96
95
93
92
90
89
88
87
86
85
84
83
82
81
81
80
79
79
78
78
78
77
77
77
77
77
77
77
77
78
78
78
79
79
80
80
81
82
82
83
84
85
86
87
88
90
91
92
94
95
97
98
100
102
103
105
107
109
111
113
115
117
120
122
124
127
129
131
134
137
139
142
145
148
151
153
156
159
163
166
169
172
175
179
182
185
189
192
196
200
203
207
211
214
218
222
226
230
234
238
242
